	pixel_count	success	i	state_diff	state_diff_restore_mag	state_diff_restore_ang	meas_diff	meas_diff_restore	index	injection	restore_injection
0	1	[False]	1	[ 0.02630448]	1.7343922902922565e-08	13.533213218171452	[ 0.01300326]	[ 0.2143657]	1	0.018903806826702386	0.37797216559650076
1	1	[False]	0	[ 0.01630112]	1.6796739433453488e-08	-6.061736302021019	[ 0.02220377]	[ 0.27394701]	0	-0.01707378800608373	-0.27304401779329107
2	1	[False]	5	[ 0.00628739]	3.1408770880403186e-09	-2.588385457729138	[ 0.03366271]	[ 0.43333541]	5	-0.02128870273425243	-0.21286573863979003
3	1	[False]	3	[ 0.0008887]	4.5242273350931695e-11	0.3506567130090156	[ 0.02426227]	[ 0.34098372]	3	0.005217016687993215	0.03128644907789531
4	1	[False]	2	[ 0.01610333]	1.9788801536011798e-08	-6.518201065974665	[ 0.02950237]	[ 0.55045715]	2	-0.012479584311712555	-0.31198960779281387
5	1	[False]	3	[ 0.00270797]	4.1230102448079965e-10	-1.0699006145764653	[ 0.03766826]	[ 0.4469549]	3	-0.018953752679846947	-0.11366565482104214
6	1	[False]	4	[ 0.00456717]	5.850152620024093e-10	2.293922800808731	[ 0.05564155]	[ 0.79302767]	4	0.02651326109578267	0.18556631440938295
7	1	[False]	0	[ 0.01396376]	1.1633878478483566e-08	-5.413075618498185	[ 0.04516047]	[ 0.4298926]	0	-0.015282187771312357	-0.24439274683882728
8	1	[False]	1	[ 0.05118417]	6.600738820020497e-08	26.048548306691426	[ 0.02148428]	[ 0.32664658]	1	0.036534923269389764	0.7304975233098134
9	1	[False]	0	[ 0.09674023]	5.806638258629174e-07	36.28426516156635	[ 0.02687009]	[ 0.27842765]	0	0.09999700427764968	1.5991520924081741
10	1	[False]	1	[ 0.03746112]	3.511739866437773e-08	-19.11360389969693	[ 0.04311446]	[ 0.71520143]	1	-0.025995079987157808	-0.5197586268032267
11	1	[False]	4	[ 0.00157311]	8.003325152124096e-11	-0.7687752290883249	[ 0.03651228]	[ 0.51618614]	4	-0.006490933636914165	-0.04543004452476225
12	1	[False]	3	[ 0.00439882]	9.049507547300791e-10	1.9512902694164591	[ 0.02607057]	[ 0.37552554]	3	0.0296636327954801	0.17789280587449416
13	1	[False]	3	[ 0.00833306]	4.86077514718678e-09	2.763689131965362	[ 0.04032374]	[ 0.61390827]	3	0.048841829113109726	0.292904449191319
14	1	[False]	3	[ 0.00590223]	2.3599341870816485e-09	-2.062088700193094	[ 0.01546086]	[ 0.22932631]	3	-0.03483942017149886	-0.20893200276847865
15	1	[False]	1	[ 0.00898602]	1.9986638418901866e-09	4.635655196535239	[ 0.05200162]	[ 0.75483925]	1	0.006221019746855615	0.12438617932850457
16	1	[False]	3	[ 0.00409907]	1.0880452516689665e-09	1.4627513668604673	[ 0.02296608]	[ 0.27362818]	3	0.028653346610021103	0.17183411962029654
17	1	[False]	1	[ 0.00885225]	1.9706274225571916e-09	4.523583335522584	[ 0.03359076]	[ 0.41181019]	1	0.006532322675622449	0.13061052573773302
18	1	[False]	3	[ 0.0042221]	1.2999123551095085e-09	-1.4483926806775447	[ 0.03768691]	[ 0.40864036]	3	-0.02212995201031015	-0.13271332220582996
19	1	[False]	3	[ 0.00884292]	5.741142299714176e-09	-2.9951971966720996	[ 0.0297547]	[ 0.38377697]	3	-0.04701898163013895	-0.28197283283594327
20	1	[False]	1	[ 0.00928303]	2.034481627575154e-09	-4.940047836987804	[ 0.0260408]	[ 0.40142713]	1	-0.007225752674964903	-0.1444753118595857
21	1	[False]	0	[ 0.03618677]	8.527439725381902e-08	13.141947269955542	[ 0.0278123]	[ 0.30234474]	0	0.0380121309128894	0.6078899975589275
22	1	[False]	1	[ 0.02485625]	1.5606852646227665e-08	-12.67756092831185	[ 0.02078501]	[ 0.30895061]	1	-0.018121041295773677	-0.3623211601883467
23	1	[False]	0	[ 0.04050776]	1.0551093159837163e-07	14.813402944087773	[ 0.0212669]	[ 0.20404228]	0	0.03857583058414793	0.6169046827016939
24	1	[False]	3	[ 0.00179565]	1.444931545811589e-10	-0.7968925845037667	[ 0.02121188]	[ 0.28542202]	3	-0.01016847379806215	-0.060980337366978714
25	1	[False]	1	[ 0.05087513]	6.240032380457109e-08	26.81813147920504	[ 0.02083175]	[ 0.20846939]	1	0.038565742507638646	0.7711027385689807
26	1	[False]	3	[ 0.00040285]	9.649023491565366e-12	0.15302758487240448	[ 0.04007637]	[ 0.43152168]	3	0.00263175234748152	0.015782618827846675
27	1	[False]	3	[ 0.00959181]	7.231364863123566e-09	-2.946005949723678	[ 0.02089736]	[ 0.30863808]	3	-0.05475750072144392	-0.3283807318264992
28	1	[False]	0	[ 0.07769474]	3.8758121869669646e-07	28.41101274191712	[ 0.03746544]	[ 0.57528215]	0	0.07658465346768373	1.2247417782551986
29	1	[False]	5	[ 0.00135547]	1.4718043453150307e-10	-0.5458846660403385	[ 0.03144711]	[ 0.55418448]	5	-0.0040202765395842555	-0.040198745119302964
30	1	[False]	1	[ 0.05977654]	8.932250888233534e-08	30.631580884877707	[ 0.03521301]	[ 0.50438807]	1	0.044150680823451985	0.8827707877245105
31	1	[False]	1	[ 0.02689701]	1.8255200057295467e-08	-13.716050067422254	[ 0.02101407]	[ 0.30954105]	1	-0.019036504952659364	-0.38062539827594755
32	1	[False]	5	[ 0.0219961]	4.782175477610987e-08	-7.172555404492346	[ 0.04431599]	[ 0.51574689]	5	-0.06997807320955472	-0.6997107540223376
33	1	[False]	0	[ 0.04463313]	1.2854698692456888e-07	16.272178519451057	[ 0.0298293]	[ 0.47692026]	0	0.042844477255457925	0.6851688802692834
34	1	[False]	0	[ 0.01219541]	9.484028415927753e-09	4.471594768104713	[ 0.02832372]	[ 0.38230396]	0	0.011902137267559267	0.19033897918280784
35	1	[False]	5	[ 0.00412909]	1.4236315164050804e-09	-1.5995271728147156	[ 0.02319153]	[ 0.40391317]	5	-0.012817372962795316	-0.12816091225499035
36	1	[False]	0	[ 0.02140555]	2.7071631432371807e-08	-8.34431438691921	[ 0.02692602]	[ 0.47551403]	0	-0.022955092625902885	-0.36709784127343903
37	1	[False]	4	[ 0.00483449]	5.347300232431745e-10	2.5657610817897445	[ 0.03411411]	[ 0.35733939]	4	0.021660284669538378	0.15160033240209916
38	1	[False]	5	[ 0.00584881]	3.691393643219467e-09	-1.8382404893996713	[ 0.02249453]	[ 0.29332919]	5	-0.020531387406713553	-0.2052933426797288
39	1	[False]	0	[ 0.02917508]	5.381863680699439e-08	-10.863701686045939	[ 0.02296356]	[ 0.39169766]	0	-0.03128112727567354	-0.5002477873925714
40	1	[False]	3	[ 0.00110952]	6.078085714728967e-11	0.4696005570183704	[ 0.0391033]	[ 0.45123597]	3	0.007478384793669912	0.044847873607638464
41	1	[False]	2	[ 0.05489576]	2.287186284724983e-07	21.984833238176456	[ 0.02756936]	[ 0.35923616]	2	0.04044857756297526	1.0112144390743816
42	1	[False]	2	[ 0.03597878]	9.869002559262942e-08	14.382100215538205	[ 0.04128062]	[ 0.52087838]	2	0.026552393263804076	0.6638098315951019
43	1	[False]	0	[ 0.02902206]	5.420133401774304e-08	-10.60454283151508	[ 0.0103642]	[ 0.15099003]	0	-0.028484813594215598	-0.45552913899869596
44	1	[False]	3	[ 0.00349285]	6.214494839811371e-10	1.464201107718549	[ 0.01211658]	[ 0.17153582]	3	0.02093000227922348	0.1255172236685032
45	1	[False]	0	[ 0.052379]	1.766437662444378e-07	-19.243224619717797	[ 0.03551442]	[ 0.59895092]	0	-0.05753867598207085	-0.9201585063052773
46	1	[False]	5	[ 0.01648629]	2.6683294251928644e-08	-5.4939470036986275	[ 0.02551321]	[ 0.26555631]	5	-0.05369360342482435	-0.5368823406448185
47	1	[False]	5	[ 0.01212031]	1.5030640039060433e-08	-3.877239088235036	[ 0.02538072]	[ 0.3192528]	5	-0.04150825830952329	-0.4150410748369233
48	1	[False]	3	[ 0.01136753]	6.879964208997033e-09	-4.738607936677525	[ 0.03964941]	[ 0.40258688]	3	-0.06055314526215279	-0.36313721213713024
49	1	[False]	1	[ 0.06821235]	1.1705808709998065e-07	34.700027955673754	[ 0.0199965]	[ 0.29325866]	1	0.04869425142115509	0.9736172100402852
50	1	[False]	3	[ 0.00712675]	3.2074648556627832e-09	-2.6568583615353614	[ 0.0120808]	[ 0.16282691]	3	-0.039526070967545734	-0.23703784759237176
51	1	[False]	0	[ 0.01108271]	7.837902816939275e-09	-4.071605610687935	[ 0.01278797]	[ 0.15362509]	0	-0.010890938080164518	-0.17416788177799103
52	1	[False]	5	[ 0.00914706]	7.8577285214482e-09	-3.213519658575448	[ 0.03051674]	[ 0.35565364]	5	-0.03106307424830508	-0.31059967940880245
53	1	[False]	3	[ 0.00312633]	6.582769512614321e-10	-1.1152173024773657	[ 0.04506255]	[ 0.59411359]	3	-0.02019330725096181	-0.12109926358401797
54	1	[False]	2	[ 0.00704336]	3.7085211962006853e-09	-2.8510326555079284	[ 0.01876538]	[ 0.20751367]	2	-0.005298299180171518	-0.13245747950428793
55	1	[False]	5	[ 0.00935309]	8.365152387774247e-09	-3.0084967869262726	[ 0.03758675]	[ 0.41886355]	5	-0.02860416182320984	-0.28601301407027513
56	1	[False]	3	[ 0.00511615]	1.620397103578408e-09	2.0190305772188526	[ 0.02720185]	[ 0.36156997]	3	0.0289824710532524	0.17380787890635466
57	1	[False]	3	[ 0.00143531]	1.4622352838763003e-10	-0.4704833351995461	[ 0.02450007]	[ 0.34193254]	3	-0.008608818712104416	-0.051627085816490184
58	1	[False]	0	[ 0.02648634]	4.244067109697598e-08	-10.102742445097036	[ 0.03618761]	[ 0.55075724]	0	-0.02579056998772279	-0.41244279524366295
59	1	[False]	3	[ 0.00161916]	1.0831198594212157e-10	-0.7370104031124454	[ 0.01819774]	[ 0.2977706]	3	-0.009455625216496767	-0.05670538442333111
60	1	[False]	0	[ 0.04118127]	1.0727156592511233e-07	-15.252640793513788	[ 0.03324393]	[ 0.38729241]	0	-0.04108462082229211	-0.6570252561900957
61	1	[False]	0	[ 0.00162068]	1.6509356296750412e-10	-0.6018859291967209	[ 0.03539291]	[ 0.47062789]	0	-0.0015729945727198493	-0.025155329206935837
62	1	[False]	3	[ 0.00512709]	1.373882212946119e-09	-2.1289450788196627	[ 0.0258979]	[ 0.34925481]	3	-0.029600549738796347	-0.17751449678356168
63	1	[False]	0	[ 0.01281693]	9.90614056797509e-09	-4.92703227864905	[ 0.02991373]	[ 0.39881141]	0	-0.0135021854970541	-0.2159269504688892
64	1	[False]	5	[ 0.01161673]	1.3238093531247544e-08	-3.9131160104094636	[ 0.02545988]	[ 0.30855768]	5	-0.03917711945630373	-0.39173201744358094
65	1	[False]	3	[ 0.00374512]	6.869607471751137e-10	1.5894778427679817	[ 0.02108118]	[ 0.33247838]	3	0.021533763563374043	0.12913798008955413
66	1	[False]	2	[ 0.05374049]	2.2059684757175703e-07	-21.846878893240678	[ 0.02253363]	[ 0.37271819]	2	-0.04576327278761671	-1.1440818196904177
67	1	[False]	4	[ 0.00639275]	1.105945444798604e-09	-3.322372308527633	[ 0.02494594]	[ 0.42909249]	4	-0.032604199582417004	-0.22819679287733668
68	1	[False]	0	[ 0.01833731]	2.1539703435391453e-08	-6.744538383298179	[ 0.01413017]	[ 0.19730733]	0	-0.018780472312325394	-0.30033731321870777
69	1	[False]	1	[ 0.01130841]	3.226644493645399e-09	5.791070453994363	[ 0.02715492]	[ 0.43286626]	1	0.008346192136500645	0.1668779386732621
70	1	[False]	5	[ 0.01193611]	1.381721199919148e-08	-4.015990428755641	[ 0.02475096]	[ 0.30099783]	5	-0.037846069198529064	-0.37842284591609204
71	1	[False]	4	[ 0.00356273]	3.4375295497594234e-10	-1.8401894004571484	[ 0.02968229]	[ 0.46537427]	4	-0.01741668804222175	-0.12189939960751008
72	1	[False]	3	[ 0.00125295]	8.416014452539156e-11	-0.5063387049614642	[ 0.03129882]	[ 0.35583742]	3	-0.00817215162927649	-0.04900839332077111
73	1	[False]	2	[ 0.00528423]	2.123183212840862e-09	-2.1472544504952413	[ 0.02185324]	[ 0.3578734]	2	-0.0042359866564489245	-0.10589966641122311
74	1	[False]	0	[ 0.00114827]	8.35915902853434e-11	0.42221553074740825	[ 0.02948732]	[ 0.33617334]	0	0.0011292642062093571	0.018059193185700043
75	1	[False]	4	[ 0.00079756]	1.8031218967059646e-11	0.4002367500564119	[ 0.02724411]	[ 0.40771628]	4	0.003492498275075584	0.02444399542725402
76	1	[False]	3	[ 0.0177933]	1.740830316145189e-08	-7.295791598615888	[ 0.03850858]	[ 0.45891481]	3	-0.0991874067870376	-0.5948268785018644
77	1	[False]	1	[ 0.03658929]	3.328461430581166e-08	19.009393543298234	[ 0.03055149]	[ 0.3430444]	1	0.02737700959582086	0.54738961836364
78	1	[False]	5	[ 0.0073461]	5.022320573904379e-09	-2.5906303410511473	[ 0.02094285]	[ 0.28183762]	5	-0.02347796025811867	-0.23475612462092857
79	1	[False]	0	[ 0.04197123]	1.1296762861343694e-07	15.403775542637028	[ 0.0185594]	[ 0.28291234]	0	0.041417417837592986	0.6623473460587872
80	1	[False]	0	[ 0.02380188]	3.6066047818462386e-08	-8.776583074101467	[ 0.02343983]	[ 0.2711464]	0	-0.0226961718307114	-0.3629571799167368
81	1	[False]	2	[ 0.12611106]	1.1793733811837617e-06	49.6392134929968	[ 0.05699475]	[ 0.88312089]	2	0.08168124448988408	2.042031112247102
82	1	[False]	5	[ 0.01199616]	1.3815609968997495e-08	-4.151218986084979	[ 0.03407336]	[ 0.39194661]	5	-0.04059235510605688	-0.4058829587054627
83	1	[False]	0	[ 0.00926183]	5.542468341162653e-09	3.391793468213738	[ 0.02928523]	[ 0.27669908]	0	0.011519909274383067	0.18422638911593406
84	1	[False]	0	[ 0.0028116]	5.017339566391372e-10	-1.039892651405732	[ 0.01912768]	[ 0.23540118]	0	-0.0028629398877175307	-0.045784134684378766
85	1	[False]	2	[ 0.02952263]	6.598699593996426e-08	11.904643697724397	[ 0.0261486]	[ 0.34819584]	2	0.022068370739916455	0.5517092684979114
86	1	[False]	0	[ 0.02427026]	3.618410050354193e-08	-9.15678196831375	[ 0.03558094]	[ 0.56502162]	0	-0.023604579851165652	-0.37748444097984124
87	1	[False]	5	[ 0.00896726]	7.436554714031775e-09	-3.113401385921251	[ 0.02542865]	[ 0.41459188]	5	-0.02776742509620809	-0.2776464835369846
88	1	[False]	1	[ 0.02919091]	2.123311251584913e-08	-14.997808668519813	[ 0.04280856]	[ 0.5249991]	1	-0.02163552066373006	-0.43259141791095057
89	1	[False]	1	[ 0.02361575]	1.4159271046707117e-08	-12.032842313919518	[ 0.03682194]	[ 0.57580591]	1	-0.017582647206042856	-0.3515562395612238
90	1	[False]	3	[ 0.00234338]	3.1081227079424385e-10	-0.9186152114462656	[ 0.03951441]	[ 0.47445099]	3	-0.01632359331764951	-0.09789258912594412
91	1	[False]	0	[ 0.06207488]	2.4743345046962604e-07	22.714901318097635	[ 0.02481733]	[ 0.27109098]	0	0.06064650460761228	0.9698589016849358
92	1	[False]	3	[ 0.00063466]	1.796945695231195e-11	-0.28095630393761883	[ 0.01537061]	[ 0.20201321]	3	-0.0038764989187312195	-0.023247364015631124
93	1	[False]	0	[ 0.06010959]	2.285898233452438e-07	22.141865681329485	[ 0.0204058]	[ 0.20934025]	0	0.05993597908556547	0.9584961775363633
94	1	[False]	3	[ 0.00677533]	1.7595984253852578e-09	3.2284202068367525	[ 0.03187453]	[ 0.47748371]	3	0.03573630247682811	0.21431060595353818
95	1	[False]	4	[ 0.00095089]	2.055507868968902e-11	-0.5026995952562584	[ 0.00924914]	[ 0.13762804]	4	-0.004283946218584125	-0.0299833395838703
96	1	[False]	0	[ 0.03802186]	8.816828418703288e-08	14.479142448123293	[ 0.03261488]	[ 0.41673152]	0	0.039248429512702306	0.6276608847671354
97	1	[False]	0	[ 0.00568701]	2.0378838728172565e-09	-2.1237073710847008	[ 0.02404408]	[ 0.35978956]	0	-0.006571327806103711	-0.10508867427521057
98	1	[False]	0	[ 0.01150385]	8.45950307716622e-09	4.212590159027408	[ 0.01489966]	[ 0.22171781]	0	0.011080787286019822	0.17720395027802904
99	1	[False]	0	[ 0.02500244]	3.886158178444594e-08	-9.376826163512083	[ 0.04713238]	[ 0.5720805]	0	-0.024519896306745795	-0.39212218173747887
