	pixel_count	success	i	state_diff	state_diff_restore_mag	state_diff_restore_ang	meas_diff	meas_diff_restore	index	injection	restore_injection
0	1	[False]	2	[ 0.01458048]	1.626997117532021e-08	-5.734444305870702	[ 0.02755062]	[ 0.25905757]	2	-0.009999485053515073	-0.24998712633787684
1	1	[False]	1	[ 0.01323818]	4.168665020731797e-09	-7.000174274472886	[ 0.0256652]	[ 0.33501098]	1	-0.009999954012084235	-0.19994408049461818
2	1	[False]	1	[ 0.01340767]	4.3540460332623745e-09	-6.9720487945319025	[ 0.05256672]	[ 0.57100945]	1	-0.009999987359385348	-0.1999447472572303
3	1	[False]	2	[ 0.01425907]	1.6008878024008764e-08	5.546739675386122	[ 0.03016851]	[ 0.39704481]	2	0.009999702031144543	0.24999255077861357
4	1	[False]	1	[ 0.01305822]	3.903976847011596e-09	-6.9718637612684216	[ 0.0371484]	[ 0.53287755]	1	-0.009999821315689758	-0.1999414272965588
5	1	[False]	2	[ 0.01432636]	1.587757843471661e-08	-5.6145961716818125	[ 0.04614402]	[ 0.46841317]	2	-0.009999888154137883	-0.2499972038534471
6	1	[False]	2	[ 0.0150884]	1.6857887510239143e-08	5.922989501262524	[ 0.06269727]	[ 0.82358843]	2	0.009999612612437958	0.24999031531094895
7	1	[False]	1	[ 0.01343029]	4.346196149211839e-09	-7.031327762565745	[ 0.02330743]	[ 0.39638241]	1	-0.009999878591981808	-0.1999425725073802
8	1	[False]	2	[ 0.01508097]	1.684324268119253e-08	-5.983251451987406	[ 0.03154263]	[ 0.38721098]	2	-0.009999779322395206	-0.24999448305988015
9	1	[False]	1	[ 0.01312065]	4.0180613370163064e-09	6.936458464916248	[ 0.02328308]	[ 0.29433241]	1	0.009999337154599306	0.19993174673763578
10	1	[False]	2	[ 0.01557286]	1.7862012950780582e-08	6.146151171954382	[ 0.04171313]	[ 0.74852687]	2	0.009999567250982	0.24998918127455
11	1	[False]	2	[ 0.01362804]	1.3430162011740013e-08	-5.54291738098579	[ 0.04412]	[ 0.56930765]	2	-0.009999203818232525	-0.24998009545581312
12	1	[False]	1	[ 0.01348932]	4.5627865188689235e-09	-6.982554786464123	[ 0.04361882]	[ 0.43404175]	1	-0.009999782512521585	-0.19994065144661277
13	1	[False]	2	[ 0.01551493]	1.7582388696415388e-08	-6.156182242924765	[ 0.04861663]	[ 0.7153932]	2	-0.009999630724766801	-0.24999076811917004
14	1	[False]	2	[ 0.01381322]	1.4193010570554832e-08	-5.556584644750686	[ 0.0221534]	[ 0.21953476]	2	-0.00999989346500196	-0.249997336625049
15	1	[False]	2	[ 0.01518285]	1.7209285026551545e-08	5.975943970506171	[ 0.05848491]	[ 0.74322197]	2	0.009999794710957036	0.24999486777392588
16	1	[False]	2	[ 0.01501966]	1.7393914004565364e-08	-5.821224635833006	[ 0.07725342]	[ 0.50022205]	2	-0.009998877677549978	-0.24997194193874944
17	1	[False]	2	[ 0.01375424]	1.3517162772536538e-08	-5.619583562605683	[ 0.03181321]	[ 0.44995466]	2	-0.009999590370133486	-0.24998975925333713
18	1	[False]	1	[ 0.01332538]	4.266196904481342e-09	6.951806158527691	[ 0.03469816]	[ 0.46031159]	1	0.009999962704367427	0.19994425429247445
19	1	[False]	1	[ 0.01332455]	4.289942790176556e-09	-6.937048165745175	[ 0.02924185]	[ 0.44333181]	1	-0.009999834823415727	-0.19994169737678572
20	1	[False]	2	[ 0.0136986]	1.4668897279545616e-08	-5.404511114172621	[ 0.02271137]	[ 0.28821074]	2	-0.009999753313175444	-0.2499938328293861
21	1	[False]	1	[ 0.0131584]	3.9926767029667835e-09	-7.010473239990391	[ 0.03121359]	[ 0.30163395]	1	-0.009999805489360391	-0.1999411108570163
22	1	[False]	2	[ 0.01420045]	1.464769867666483e-08	-5.73674237147715	[ 0.02285592]	[ 0.25211781]	2	-0.00999981431505987	-0.24999535787649674
23	1	[False]	2	[ 0.01487218]	1.7231884828828764e-08	-5.760720630988687	[ 0.01827262]	[ 0.13641934]	2	-0.009999842858044793	-0.24999607145111982
24	1	[False]	1	[ 0.01324586]	4.120354525008009e-09	7.026707208307353	[ 0.04166765]	[ 0.3588554]	1	0.009999989487514068	0.1999447898081
25	1	[False]	2	[ 0.01340183]	1.3725041465737637e-08	-5.364988794550218	[ 0.030831]	[ 0.23474596]	2	-0.009999886503046463	-0.24999716257616159
26	1	[False]	2	[ 0.0144206]	1.604973315716767e-08	-5.655902759432322	[ 0.02905487]	[ 0.31608041]	2	-0.00999977058974018	-0.2499942647435045
27	1	[False]	2	[ 0.01396079]	1.410322377492246e-08	-5.66297958211942	[ 0.0361901]	[ 0.35784136]	2	-0.009999600673456278	-0.24999001683640695
28	1	[False]	2	[ 0.01507957]	1.7057935269296436e-08	5.916770487490577	[ 0.04974202]	[ 0.58267246]	2	0.009999796691107071	0.24999491727767678
29	1	[False]	1	[ 0.01306351]	3.883189166840441e-09	-6.980976957933037	[ 0.04413663]	[ 0.64706056]	1	-0.009999687901953956	-0.19993875975561834
30	1	[False]	2	[ 0.01386236]	1.3658421593946156e-08	-5.6728635594404615	[ 0.05064166]	[ 0.50716028]	2	-0.00999993902534676	-0.249998475633669
31	1	[False]	2	[ 0.014913]	1.6957010856842774e-08	-5.842634775737873	[ 0.04118614]	[ 0.41819728]	2	-0.009999555286047145	-0.24998888215117862
32	1	[False]	2	[ 0.01448952]	1.6440536573123836e-08	-5.629243190105102	[ 0.02900576]	[ 0.32965258]	2	-0.0099990276735596	-0.24997569183899
33	1	[False]	2	[ 0.01528141]	1.7721677849901343e-08	5.911474293432978	[ 0.04285197]	[ 0.79121725]	2	0.009999997935754406	0.24999994839386017
34	1	[False]	2	[ 0.01497353]	1.6661324449028077e-08	-5.954369435126582	[ 0.03074415]	[ 0.3499613]	2	-0.009999790702405434	-0.24999476756013583
35	1	[False]	2	[ 0.01320074]	1.3426723558386808e-08	-5.297058713599371	[ 0.04267862]	[ 0.50973743]	2	-0.009999319117750373	-0.24998297794375934
36	1	[False]	1	[ 0.01346289]	4.413792223438804e-09	7.000289228185608	[ 0.02223639]	[ 0.41823563]	1	0.009999801853214222	0.19994103815409173
37	1	[False]	2	[ 0.01415503]	1.583365870879817e-08	-5.50065968354331	[ 0.02297216]	[ 0.34740713]	2	-0.00999799385102962	-0.24994984627574052
38	1	[False]	2	[ 0.01521752]	1.7175011309579058e-08	-6.023017864627597	[ 0.02474588]	[ 0.29351595]	2	-0.009999541071443682	-0.24998852678609204
39	1	[False]	1	[ 0.01310012]	3.9634739485596595e-09	-6.983632009663679	[ 0.03773909]	[ 0.37784471]	1	-0.00999975953240356	-0.19994019197064292
40	1	[False]	2	[ 0.01352357]	1.3971607423493867e-08	5.406335526650576	[ 0.03812503]	[ 0.4995254]	2	0.009999954345398148	0.2499988586349537
41	1	[False]	2	[ 0.0135948]	1.403260482122113e-08	-5.442361549373663	[ 0.04644051]	[ 0.49037037]	2	-0.009999830871890346	-0.24999577179725865
42	1	[False]	2	[ 0.01355634]	1.4016995773503896e-08	-5.417839675857487	[ 0.03890973]	[ 0.49489051]	2	-0.00999992403650843	-0.24999810091271077
43	1	[False]	2	[ 0.01404533]	1.5362226415277558e-08	-5.511823907098059	[ 0.03476923]	[ 0.35743107]	2	-0.009999772136372166	-0.24999430340930415
44	1	[False]	2	[ 0.01373673]	1.4790480954095782e-08	-5.404931406041724	[ 0.03427567]	[ 0.26651832]	2	-0.009999993033354977	-0.24999982583387442
45	1	[False]	1	[ 0.01281332]	3.655219385733297e-09	-6.882266776534749	[ 0.0384057]	[ 0.62386831]	1	-0.009999919639583995	-0.19994339323366214
46	1	[False]	2	[ 0.01440987]	1.6160317734396335e-08	-5.628425582443694	[ 0.0134845]	[ 0.18766149]	2	-0.009999911074150046	-0.24999777685375113
47	1	[False]	2	[ 0.01490046]	1.6989060813181355e-08	-5.837287610287075	[ 0.03916768]	[ 0.4753456]	2	-0.009999924413709924	-0.2499981103427481
48	1	[False]	1	[ 0.0131336]	3.974011735310397e-09	6.998119442441786	[ 0.04182278]	[ 0.43389313]	1	0.009999658807389194	0.1999381780243432
49	1	[False]	2	[ 0.01524292]	1.7511493508090475e-08	5.974697246511202	[ 0.04031255]	[ 0.35869509]	2	0.009999857461992669	0.24999643654981674
50	1	[False]	2	[ 0.01488305]	1.720727321282073e-08	5.751145111084227	[ 0.01580959]	[ 0.15688927]	2	0.009999971782519742	0.24999929456299355
51	1	[False]	2	[ 0.0139494]	1.4955712467262197e-08	-5.520504937070308	[ 0.02819891]	[ 0.29303479]	2	-0.009999527129048872	-0.2499881782262218
52	1	[False]	2	[ 0.0140789]	1.535729923433316e-08	-5.5391585711753235	[ 0.02795155]	[ 0.37500715]	2	-0.00999996370404609	-0.24999909260115225
53	1	[False]	2	[ 0.01362992]	1.4078535519097285e-08	-5.448802453404341	[ 0.03205001]	[ 0.55981885]	2	-0.009999995895980109	-0.24999989739950274
54	1	[False]	1	[ 0.0133168]	4.327330620194919e-09	-6.935121590862886	[ 0.02990915]	[ 0.24774446]	1	-0.009999815528310849	-0.19994131158081122
55	1	[False]	2	[ 0.01458995]	1.650983631261139e-08	-5.67255931010512	[ 0.03905524]	[ 0.48353481]	2	-0.009999692605958932	-0.2499923151489733
56	1	[False]	1	[ 0.01349379]	4.465468980318355e-09	7.01061740445187	[ 0.01700625]	[ 0.36700782]	1	0.009999965548248524	0.19994431115445507
57	1	[False]	2	[ 0.01494789]	1.6512964270965872e-08	5.950371319915803	[ 0.04268275]	[ 0.38044895]	2	0.009999995381509658	0.24999988453774147
58	1	[False]	2	[ 0.01420682]	1.5474798544350898e-08	-5.588431613711524	[ 0.03521224]	[ 0.4895672]	2	-0.009999787810565862	-0.24999469526414655
59	1	[False]	2	[ 0.01314995]	1.3292820551511977e-08	-5.281398439645257	[ 0.03919861]	[ 0.37355064]	2	-0.00999866640832914	-0.2499666602082285
60	1	[False]	2	[ 0.01391198]	1.495744839866998e-08	-5.4902906235100275	[ 0.04352172]	[ 0.40462948]	2	-0.009996642022329751	-0.24991605055824379
61	1	[False]	2	[ 0.01420836]	1.5397642323157583e-08	-5.620302299066467	[ 0.03062503]	[ 0.41302794]	2	-0.009999803367838338	-0.24999508419595845
62	1	[False]	1	[ 0.01318562]	4.113068013956454e-09	-6.976803074263766	[ 0.04982357]	[ 0.46130047]	1	-0.00999996946190871	-0.19994438940613365
63	1	[False]	1	[ 0.01340201]	4.342198527850355e-09	6.9811120902752535	[ 0.02809955]	[ 0.43385588]	1	0.009999628443459663	0.1999375709127542
64	1	[False]	2	[ 0.01438309]	1.5976267614977335e-08	-5.644816338336709	[ 0.03102253]	[ 0.33328405]	2	-0.009999826401920289	-0.24999566004800722
65	1	[False]	2	[ 0.01338581]	1.3843851727545135e-08	-5.334155717519896	[ 0.0193311]	[ 0.29421834]	2	-0.009999764749575259	-0.2499941187393815
66	1	[False]	1	[ 0.01313505]	4.040505853213694e-09	-6.960808677062067	[ 0.01800834]	[ 0.34441097]	1	-0.009999824474398228	-0.19994149045335532
67	1	[False]	1	[ 0.01315842]	3.966209534230657e-09	7.01953678984734	[ 0.04339708]	[ 0.49260201]	1	0.009999925384099603	0.19994350809237946
68	1	[False]	2	[ 0.0134288]	1.391231284574116e-08	-5.353628295908012	[ 0.03318128]	[ 0.2591744]	2	-0.00999970014800411	-0.24999250370010273
69	1	[False]	2	[ 0.01375266]	1.4089615493371687e-08	-5.526775913943007	[ 0.03248627]	[ 0.45082371]	2	-0.009999972724642725	-0.24999931811606813
70	1	[False]	2	[ 0.01432041]	1.5998072562888124e-08	-5.594871693042872	[ 0.0203623]	[ 0.16355631]	2	-0.009999497732082209	-0.24998744330205522
71	1	[False]	1	[ 0.01337254]	4.23996547463532e-09	-7.058106867564542	[ 0.03700434]	[ 0.47313486]	1	-0.009999299264449415	-0.19993098914303378
72	1	[False]	2	[ 0.01379496]	1.4658291554653362e-08	-5.4653553904370265	[ 0.02524234]	[ 0.34655304]	2	-0.009999279470587666	-0.24998198676469163
73	1	[False]	1	[ 0.01331038]	4.137520952260218e-09	7.0563887534571315	[ 0.03320303]	[ 0.43141769]	1	0.009999995994734168	0.19994491991671226
74	1	[False]	2	[ 0.01413906]	1.4587315160750649e-08	5.711451879431653	[ 0.05105321]	[ 0.40796741]	2	0.009999953256884044	0.2499988314221011
75	1	[False]	2	[ 0.01388882]	1.4480237571236234e-08	5.553664441109878	[ 0.04315286]	[ 0.46353059]	2	0.009999695560478337	0.24999238901195842
76	1	[False]	1	[ 0.01320219]	4.057255541813933e-09	7.0053920443665945	[ 0.05046598]	[ 0.39177197]	1	0.009999554786360488	0.19993609817588473
77	1	[False]	2	[ 0.013639]	1.4248321192369258e-08	-5.432639659908707	[ 0.03211561]	[ 0.38018743]	2	-0.009999707824485489	-0.24999269561213722
78	1	[False]	2	[ 0.01409663]	1.5490531011113587e-08	-5.530965950142328	[ 0.01954508]	[ 0.26756294]	2	-0.009999946806753956	-0.2499986701688489
79	1	[False]	2	[ 0.01444058]	1.6526255779319437e-08	-5.576219654106509	[ 0.02557584]	[ 0.29357543]	2	-0.009999930793027953	-0.24999826982569884
80	1	[False]	2	[ 0.01482667]	1.7092912605280507e-08	-5.750111903092171	[ 0.0390726]	[ 0.33255452]	2	-0.009999715673924155	-0.2499928918481039
81	1	[False]	2	[ 0.01543245]	1.761453363097264e-08	6.081303031708581	[ 0.05334313]	[ 0.7373951]	2	0.009999849699856303	0.24999624249640756
82	1	[False]	2	[ 0.01414059]	1.5424425190355348e-08	-5.572851892665606	[ 0.02925788]	[ 0.3785688]	2	-0.009999957326527842	-0.24999893316319605
83	1	[False]	1	[ 0.01248815]	3.7221938560153942e-09	6.628082778248595	[ 0.02781193]	[ 0.23908288]	1	0.00999953558378715	0.19993571423003212
84	1	[False]	2	[ 0.01341529]	1.3756624818598638e-08	-5.371128469766811	[ 0.01951626]	[ 0.25610831]	2	-0.009999969126692244	-0.2499992281673061
85	1	[False]	1	[ 0.01343886]	4.5012654799247884e-09	-6.98509169192868	[ 0.02292298]	[ 0.36767019]	1	-0.009999930838422327	-0.19994361714883516
86	1	[False]	2	[ 0.0140369]	1.4948008399759792e-08	-5.565344532750539	[ 0.04801669]	[ 0.62949838]	2	-0.009999910324105942	-0.24999775810264857
87	1	[False]	2	[ 0.01375512]	1.4742535709762357e-08	-5.431147047406345	[ 0.06163829]	[ 0.5400021]	2	-0.009999603351372276	-0.2499900837843069
88	1	[False]	1	[ 0.0135024]	4.5417046943061366e-09	6.937730734211158	[ 0.03796618]	[ 0.62465584]	1	0.009999724422331982	0.19993948996231675
89	1	[False]	1	[ 0.01345305]	4.594447863930552e-09	6.85663835750607	[ 0.05340589]	[ 0.65143023]	1	0.009999104370521688	0.19992709233639583
90	1	[False]	2	[ 0.01428107]	1.574096751331417e-08	-5.6094920970160995	[ 0.03338173]	[ 0.45625838]	2	-0.009999892797958746	-0.24999731994896865
91	1	[False]	2	[ 0.01477643]	1.701779490925053e-08	5.72634472329271	[ 0.02646058]	[ 0.16710595]	2	0.009999639616843919	0.24999099042109799
92	1	[False]	1	[ 0.01315973]	4.117225450187719e-09	6.977902528561012	[ 0.02204768]	[ 0.19846939]	1	0.009999735029558945	0.19993970204851627
93	1	[False]	2	[ 0.01390795]	1.4178897098031624e-08	-5.624967580745268	[ 0.02435768]	[ 0.2194876]	2	-0.009999956684319062	-0.24999891710797656
94	1	[False]	1	[ 0.01221925]	3.496688844083196e-09	-6.518406002327412	[ 0.04853601]	[ 0.39314193]	1	-0.009999819561448148	-0.19994139222137494
95	1	[False]	2	[ 0.01366597]	1.4392582594681769e-08	-5.4249968298168465	[ 0.01824477]	[ 0.19438341]	2	-0.009999216317894764	-0.24998040794736912
96	1	[False]	2	[ 0.01410035]	1.5300663478564352e-08	-5.553905334708554	[ 0.05734395]	[ 0.54032215]	2	-0.009999784215062155	-0.24999460537655388
97	1	[False]	1	[ 0.01297167]	3.924437817681583e-09	-6.892261104263329	[ 0.04700496]	[ 0.43407173]	1	-0.009999925834935539	-0.1999435171066186
98	1	[False]	2	[ 0.0144032]	1.5710979780330334e-08	-5.709407724847569	[ 0.03094457]	[ 0.25677136]	2	-0.009999586940216946	-0.24998967350542364
99	1	[False]	2	[ 0.01444807]	1.6090517438572673e-08	-5.662266077469363	[ 0.03793228]	[ 0.49325901]	2	-0.009999788266399667	-0.24999470665999168
