	pixel_count	success	i	state_diff	state_diff_restore_mag	state_diff_restore_ang	meas_diff	meas_diff_restore	index	injection	restore_injection	estimated - real
0	1	True	2	[ 0.01457134]	[ 0.00024527]	5.724859585272902	[ 0.01988941]	[ 0.62748234]	2	-0.009999638136510608	-0.2499909534127652	[[ 0.13868769  0.02126015  1.37300795  0.12342927  0.06883116  1.39784549]]
1	1	True	1	[ 0.01324375]	[ 0.00012319]	7.006421715236004	[ 0.04012239]	[ 0.88732035]	1	-0.009999690635268453	-0.19993881440687503	[[ 0.01111897  0.0060081   0.0074998   0.03111984  0.0141861   0.01563024]]
2	1	True	1	[ 0.01341551]	[ 0.0001179]	6.9740834631752335	[ 0.03919575]	[ 1.15993124]	1	-0.009999892909351256	-0.19994285877602364	[[ 0.34605105  0.85240302  0.93636369  0.30431736  0.82032005  0.91548618]]
3	1	True	2	[ 0.0142695]	[ 0.00024102]	5.549988460969432	[ 0.03843525]	[ 0.89329174]	2	-0.009999160688895567	-0.2499790172223892	[[ 0.51039756  0.89535183  1.53287315  0.48796572  0.93123089  1.55117824]]
4	1	True	1	[ 0.01305432]	[ 0.0001199]	6.971803481433874	[ 0.02542567]	[ 0.84913833]	1	-0.009999915803616243	-0.19994331653540492	[[ 0.40000545  0.2672864   0.0726328   0.41849579  0.29236296  0.10626549]]
5	1	True	2	[ 0.01435073]	[ 0.00024091]	5.6216571107929365	[ 0.03202407]	[ 0.6662497]	2	0.009999401679111664	0.24998504197779162	[[ 0.30302957  0.1093877   1.50208844  0.30458172  0.15574148  1.52444879]]
6	1	True	2	[ 0.01510283]	[ 0.00025722]	5.920911326223186	[ 0.04518092]	[ 1.40657412]	2	0.0099995884800777	0.2499897120019425	[[ 0.94141582  0.26837572  1.89625732  0.96802762  0.21976782  1.92251224]]
7	1	True	1	[ 0.01342116]	[ 0.00012261]	7.029248848417947	[ 0.03759912]	[ 0.98131662]	1	0.009998945092854162	0.1999239076590725	[[ 0.26186254  0.51361035  0.69921795  0.30487614  0.49981529  0.67666811]]
8	1	True	2	[ 0.01505945]	[ 0.00025437]	5.974891838803958	[ 0.03404793]	[ 0.98216173]	2	-0.00999993359503726	-0.2499983398759315	[[ 0.66569114  0.5917735   1.10432238  0.64138728  0.55334501  1.12638449]]
9	1	True	1	[ 0.01312209]	[ 0.00011665]	6.937010981157137	[ 0.01994197]	[ 0.52267132]	1	0.00999970652609997	0.19993913213610578	[[ 1.43276592  0.08712469  0.76270681  1.42453251  0.06078522  0.73824903]]
10	1	True	2	[ 0.01555348]	[ 0.00026467]	6.127019551875969	[ 0.05097552]	[ 1.68561678]	2	-0.009999907854502057	-0.24999769636255142	[[ 1.06145774  0.39982903  1.58924058  1.06456971  0.35096887  1.61408938]]
11	1	True	2	[ 0.01361361]	[ 0.00022531]	5.535747570610811	[ 0.029036]	[ 1.00706587]	2	-0.009999773216907228	-0.2499943304226807	[[ 0.39431909  0.64217904  0.23717955  0.40267398  0.60102412  0.25519094]]
12	1	True	1	[ 0.01351638]	[ 0.00012466]	6.995562250714327	[ 0.02173725]	[ 0.6955651]	1	-0.009999863084055797	-0.19994226243415358	[[ 0.48682891  0.72384926  0.13321516  0.5032254   0.70768343  0.10717165]]
13	1	True	2	[ 0.01550623]	[ 0.00026348]	6.142178853845513	[ 0.03746304]	[ 1.10956961]	2	-0.00999865931485476	-0.24996648287136902	[[ 1.13778342  0.66887199  1.21898323  1.12563749  0.63636762  1.23385704]]
14	1	True	2	[ 0.01381245]	[ 0.00022986]	5.5531327538809006	[ 0.0179192]	[ 0.53675239]	2	-0.00999996166101758	-0.24999904152543947	[[ 0.65374487  0.06375797  0.66573704  0.65463682  0.10477173  0.68469122]]
15	1	True	2	[ 0.01518004]	[ 0.00025809]	5.970155971375241	[ 0.04780696]	[ 1.36012129]	2	0.009999885890176138	0.24999714725440345	[[ 1.13696919  0.16810377  1.77419282  1.15748066  0.22495044  1.81451075]]
16	1	True	2	[ 0.01500713]	[ 0.00025447]	5.809449569728897	[ 0.05362034]	[ 0.82112416]	2	-0.009999800764866977	-0.2499950191216744	[[ 0.19045726  0.46960787  1.71581228  0.21686113  0.43540453  1.73721941]]
17	1	True	2	[ 0.01376464]	[ 0.00022826]	5.620492770878461	[ 0.03736089]	[ 1.03451545]	2	-0.00999983264453929	-0.24999581611348226	[[ 0.78715271  0.47868009  0.23087782  0.79943684  0.43932433  0.24661766]]
18	1	True	1	[ 0.0133412]	[ 0.00011715]	6.958487915372184	[ 0.02607219]	[ 0.81296934]	1	-0.00999997139069387	-0.19994442797122852	[[ 0.58497563  0.71461686  0.8978665   0.5575322   0.68364399  0.87718232]]
19	1	True	1	[ 0.01333518]	[ 0.00011671]	6.943541319548428	[ 0.05393441]	[ 1.18081661]	1	-0.009999540205638152	-0.19993580664163196	[[ 0.7707895   0.7245174   0.83095686  0.74552317  0.6962126   0.81035916]]
20	1	True	2	[ 0.01369291]	[ 0.00022774]	5.403660469008983	[ 0.02777969]	[ 0.70117455]	2	-0.0099998712778584	-0.24999678194646	[[ 0.53713936  1.13021771  1.56727302  0.53291242  1.18182118  1.59405824]]
21	1	True	1	[ 0.01316957]	[ 0.00012086]	7.0168755051389065	[ 0.02592688]	[ 0.55492341]	1	-0.009999933155099366	-0.19994366346963424	[[ 0.53451367  0.22176143  0.61850576  0.52478568  0.25440962  0.59266666]]
22	1	True	2	[ 0.01420734]	[ 0.00023758]	5.734776358532763	[ 0.02207869]	[ 0.56593082]	2	-0.009999932663661823	-0.2499983165915456	[[ 0.82669974  0.45008943  0.56463338  0.82992791  0.41339154  0.58381078]]
23	1	True	2	[ 0.01486582]	[ 0.00025266]	5.755731369921245	[ 0.04121825]	[ 0.76659449]	2	-0.009999656291020618	-0.24999140727551544	[[ 0.34425307  0.34507024  1.75597412  0.32927549  0.38973859  1.78077424]]
24	1	True	1	[ 0.0132372]	[ 0.0001225]	7.0249455921648885	[ 0.02795276]	[ 0.78351476]	1	-0.009999766640787307	-0.19994033409922177	[[ 0.09315179  0.07823628  0.15968437  0.07262203  0.09975543  0.13353887]]
25	1	True	2	[ 0.01343417]	[ 0.00022182]	5.374756080934251	[ 0.02161394]	[ 0.52361458]	2	-0.009999904211622519	-0.24999760529056297	[[ 0.19385144  0.77135498  0.95254382  0.18393248  0.80972937  0.97091267]]
26	1	True	2	[ 0.014404]	[ 0.00024215]	5.6464602289869115	[ 0.02397813]	[ 0.58730738]	2	-0.00999976649624619	-0.24999416240615474	[[ 0.04769334  0.1409452   1.43615826  0.05685606  0.18710366  1.45863937]]
27	1	True	2	[ 0.01396279]	[ 0.00023264]	5.6563775944856465	[ 0.03638734]	[ 1.03232544]	2	-0.009999333582903048	-0.2499833395725762	[[ 0.78166853  0.43751703  0.42244591  0.7894715   0.3990446   0.43952038]]
28	1	True	2	[ 0.01506185]	[ 0.00025621]	5.903880622126508	[ 0.03919256]	[ 1.19518514]	2	0.009999916041828602	0.24999790104571507	[[ 0.97465056  0.18396977  1.88932721  0.99434278  0.23711179  1.92857628]]
29	1	True	1	[ 0.01306485]	[ 0.00011941]	6.984517185306261	[ 0.03628244]	[ 1.10863591]	1	0.009999514865830974	0.19993529998485735	[[ 0.36438734  0.29653644  0.15345375  0.38546425  0.31977741  0.12155491]]
30	1	True	2	[ 0.01386062]	[ 0.00023019]	5.669208764787987	[ 0.03538487]	[ 0.95803803]	2	-0.009999955833864987	-0.24999889584662469	[[ 1.07058644  0.36075636  0.26620308  1.08503834  0.32390088  0.28051273]]
31	1	True	2	[ 0.01489059]	[ 0.0002512]	5.834332674526488	[ 0.05759095]	[ 1.17888269]	2	-0.009998916671261826	-0.24997291678154565	[[ 0.01345175  0.43320072  1.43445122  0.03594166  0.38839418  1.46032764]]
32	1	True	2	[ 0.01448847]	[ 0.00024616]	5.6287220247721095	[ 0.02928845]	[ 0.56847198]	2	-0.009999806867884905	-0.24999517169712263	[[ 1.14026648  1.0835589   1.67482932  1.14392308  1.11756099  1.70587106]]
33	1	True	2	[ 0.01526634]	[ 0.00026172]	5.898596038938109	[ 0.03715743]	[ 1.03824947]	2	0.009999909181720024	0.2499977295430006	[[ 0.79902991  0.68308078  1.66121621  0.79400826  0.65571884  1.66912795]]
34	1	True	2	[ 0.01496199]	[ 0.00025276]	5.9441755949014885	[ 0.03484964]	[ 0.87067243]	2	-0.009999997029965672	-0.24999992574914182	[[ 1.07623676  0.06085009  1.23204958  1.059655    0.11108557  1.26103088]]
35	1	True	2	[ 0.01315725]	[ 0.00021582]	5.283501011795868	[ 0.0300555]	[ 0.73885271]	2	-0.009999953824571585	-0.24999884561428964	[[ 0.5622388   1.15755708  1.16526654  0.56093421  1.2084614   1.19855223]]
36	1	True	1	[ 0.01347035]	[ 0.00012066]	7.000654329940578	[ 0.02544227]	[ 0.78148817]	1	-0.009999895090856834	-0.19994290239413692	[[ 0.12050912  0.84398234  0.86761889  0.17966669  0.8197598   0.84419836]]
37	1	True	2	[ 0.014142]	[ 0.00023826]	5.497024110936756	[ 0.02325604]	[ 0.63003324]	2	0.009999944217405585	0.24999860543513963	[[ 0.08594766  0.84270255  1.58395318  0.0742916   0.88164196  1.60065944]]
38	1	True	2	[ 0.01520166]	[ 0.00025731]	6.010963014891622	[ 0.02314816]	[ 0.648882]	2	-0.009999447291327313	-0.2499861822831828	[[ 0.67383067  0.60249369  1.19222536  0.64695656  0.56648695  1.21482309]]
39	1	True	1	[ 0.013101]	[ 0.00012091]	6.98646084832469	[ 0.03988616]	[ 0.82179044]	1	-0.009999896686260732	-0.19994293429344015	[[ 0.15820462  0.24161369  0.02894562  0.17894965  0.26705763  0.05936354]]
40	1	True	2	[ 0.01354499]	[ 0.00022302]	5.412767104279872	[ 0.03090429]	[ 0.6619018]	2	0.009999657403659963	0.2499914350914991	[[ 0.51132907  0.23494956  1.03115098  0.50152259  0.27476137  1.05216866]]
41	1	True	2	[ 0.01359128]	[ 0.00022338]	5.439680848945741	[ 0.03047622]	[ 0.90605145]	2	-0.009999766992667952	-0.24999417481669878	[[ 0.83018769  0.13133621  1.01043869  0.81352614  0.08681316  1.03610744]]
42	1	True	2	[ 0.01356377]	[ 0.00022343]	5.42088418210261	[ 0.04070537]	[ 0.89397329]	2	-0.009999866979379999	-0.24999667448449997	[[ 0.46347698  0.03928661  0.93173995  0.45217185  0.08126882  0.9542918 ]]
43	1	True	2	[ 0.01402329]	[ 0.00023505]	5.507920460682769	[ 0.02099621]	[ 0.43857026]	2	-0.00999994327217203	-0.24999858180430076	[[ 0.16978937  0.60253078  1.35158829  0.15523464  0.64168967  1.36736174]]
44	1	True	2	[ 0.01374383]	[ 0.00022909]	5.410747302643056	[ 0.02132676]	[ 0.50393789]	2	-0.009997210507592362	-0.24993026268980903	[[ 0.01660335  1.06658195  1.4080868   0.0323293   1.10954509  1.42841395]]
45	1	True	1	[ 0.01280013]	[ 0.00011586]	6.8752603370379495	[ 0.03080927]	[ 0.9773287]	1	-0.009999521213338178	-0.19993542690009014	[[ 0.19985536  0.48211689  0.11428649  0.22118908  0.51401832  0.07739815]]
46	1	True	2	[ 0.01439762]	[ 0.00024374]	5.623677707351078	[ 0.03362695]	[ 0.71765414]	2	-0.009999900168521878	-0.24999750421304695	[[ 1.02310492  0.9406664   1.49162453  1.00823553  0.97481186  1.51646049]]
47	1	True	2	[ 0.01489965]	[ 0.0002528]	5.835148360688227	[ 0.03181546]	[ 0.87786672]	2	-0.009999907834087001	-0.24999769585217504	[[ 0.84676693  0.34839897  1.51085789  0.83033866  0.39703252  1.5401272 ]]
48	1	True	1	[ 0.01312863]	[ 0.00012008]	6.995581571656414	[ 0.01683039]	[ 0.59229093]	1	-0.009999992028951903	-0.19994484062287876	[[ 0.81927127  0.24092444  0.78602268  0.81937022  0.28054171  0.7610675 ]]
49	1	True	2	[ 0.01523624]	[ 0.00025867]	5.96002942499317	[ 0.03705338]	[ 0.8708589]	2	-0.009999618297977658	-0.24999045744944146	[[ 0.44273218  0.63660863  1.3808411   0.40996757  0.60591826  1.40250855]]
50	1	True	2	[ 0.01488447]	[ 0.00025356]	5.752829872904977	[ 0.01650065]	[ 0.3744762]	2	0.009999626848472408	0.2499906712118102	[[ 0.38408406  0.34852713  1.96712546  0.3854668   0.39149049  1.99643093]]
51	1	True	2	[ 0.01391596]	[ 0.00023221]	5.5104450762959	[ 0.03334444]	[ 0.64001226]	2	0.009999988870903738	0.24999972177259344	[[ 0.10163521  0.27598135  1.11632984  0.09790021  0.31673385  1.13621461]]
52	1	True	2	[ 0.0140936]	[ 0.00023682]	5.542513958748311	[ 0.02116493]	[ 0.61256476]	2	-0.00999979413606684	-0.249994853401671	[[ 0.56535724  0.72109716  1.30268053  0.54420222  0.75735992  1.32059823]]
53	1	True	2	[ 0.01361887]	[ 0.00022485]	5.44739007838373	[ 0.04019318]	[ 1.20598941]	2	-0.009998712109974633	-0.24996780274936584	[[ 0.26803252  0.26435381  0.72294759  0.26033829  0.21985478  0.74822675]]
54	1	True	1	[ 0.01333217]	[ 0.00011931]	6.939783770548182	[ 0.02893565]	[ 0.61539168]	1	-0.009999899219464375	-0.1999429849435804	[[ 0.53490379  0.60366998  0.45457857  0.51387047  0.58320743  0.43358624]]
55	1	True	2	[ 0.01457778]	[ 0.00024596]	5.668800804811797	[ 0.04784915]	[ 1.08441023]	2	-0.009999976630919952	-0.2499994157729988	[[ 0.67991161  0.04929894  1.87559255  0.66538814  0.09498235  1.8957813 ]]
56	1	True	1	[ 0.01348841]	[ 0.00012183]	7.010166286917702	[ 0.0207643]	[ 0.60179729]	1	0.009999546156079514	0.1999359256177318	[[ 0.16676186  0.75248747  0.63680986  0.21030188  0.7334531   0.61194827]]
57	1	True	2	[ 0.0149378]	[ 0.00025179]	5.942689273934047	[ 0.02969677]	[ 0.69995153]	2	0.009999718746732096	0.2499929686683024	[[ 0.6293667   0.50164549  1.06023899  0.6106673   0.4595722   1.08575441]]
58	1	True	2	[ 0.01419033]	[ 0.00023738]	5.583754294212013	[ 0.06408703]	[ 1.14347587]	2	-0.00999998044390164	-0.24999951109754098	[[ 0.43818465  0.63403546  1.15181813  0.43920872  0.59175804  1.17912321]]
59	1	True	2	[ 0.01311066]	[ 0.0002148]	5.26907984975826	[ 0.01988115]	[ 0.61020814]	2	0.009999918932060165	0.24999797330150414	[[ 0.35677662  1.07302339  1.01798079  0.35884593  1.11991182  1.04733642]]
60	1	True	2	[ 0.0139163]	[ 0.00023214]	5.486804627529874	[ 0.05863196]	[ 0.98932155]	2	-0.009999860439619198	-0.24999651099047995	[[ 0.2251723   0.34113839  1.30773438  0.22630866  0.38255909  1.32539694]]
61	1	True	2	[ 0.01420513]	[ 0.00023746]	5.6192307459808974	[ 0.04067218]	[ 1.21899685]	2	-0.009999942835126743	-0.24999857087816857	[[ 0.06182144  0.13964598  1.15073334  0.06490443  0.09168289  1.17460985]]
62	1	True	1	[ 0.01320844]	[ 0.00012107]	6.988707711595498	[ 0.05641385]	[ 1.02738417]	1	0.009999742240285988	0.19993984622339814	[[ 1.16873601  0.06760204  0.41769896  1.1420992   0.08753927  0.39361747]]
63	1	True	1	[ 0.01337124]	[ 0.00011873]	6.965522375781495	[ 0.05527384]	[ 0.96189514]	1	-0.009999159023517851	-0.19992818509572763	[[ 0.13395373  0.79242516  0.94566532  0.08662468  0.76616743  0.92294792]]
64	1	True	2	[ 0.01437226]	[ 0.00024268]	5.641233923740349	[ 0.05277881]	[ 1.19106792]	2	-0.009999704084475034	-0.24999260211187585	[[ 0.87429781  0.71012284  1.37235907  0.85374855  0.74648371  1.39436346]]
65	1	True	2	[ 0.0133998]	[ 0.0002217]	5.34003167996251	[ 0.04320942]	[ 0.94387047]	2	-0.00999974941013064	-0.24999373525326601	[[ 0.26194713  1.21479105  1.1032866   0.23933144  1.26083312  1.12993009]]
66	1	True	1	[ 0.01313062]	[ 0.00012175]	6.957313672644783	[ 0.02317322]	[ 0.71406204]	1	-0.009999861112533976	-0.19994222301456052	[[ 0.13976113  0.05952558  0.79331121  0.16570971  0.04351673  0.77506223]]
67	1	True	1	[ 0.01315008]	[ 0.00012067]	7.014613699288882	[ 0.03264424]	[ 0.93511044]	1	-0.009999933895257223	-0.1999436782687205	[[ 0.18095358  0.21294837  0.24954752  0.20058117  0.23531149  0.22009761]]
68	1	True	2	[ 0.01346558]	[ 0.00022239]	5.366538691046696	[ 0.0316525]	[ 0.61172765]	2	-0.009999905820109485	-0.24999764550273715	[[ 0.15394375  0.90583914  1.17246292  0.1611871   0.94760262  1.19275331]]
69	1	True	2	[ 0.01373831]	[ 0.00022789]	5.520453748383241	[ 0.03042135]	[ 0.91870936]	2	-0.00999993491672291	-0.24999837291807275	[[ 0.22340501  0.29846757  0.56891883  0.2294622   0.25587838  0.59230051]]
70	1	True	2	[ 0.01430871]	[ 0.00024193]	5.592145575126946	[ 0.03750685]	[ 0.6104632]	2	-0.00999993181360912	-0.249998295340228	[[ 1.12423959  1.17374889  1.51839158  1.11232823  1.20533866  1.54643751]]
71	1	True	1	[ 0.01341341]	[ 0.000124]	7.08054850182677	[ 0.04627301]	[ 1.09678196]	1	-0.009999801819058634	-0.19994103747116782	[[ 0.359556    0.16944432  0.30621078  0.38716406  0.15613139  0.28204744]]
72	1	True	2	[ 0.01378262]	[ 0.00022905]	5.461631644606658	[ 0.02931745]	[ 0.66652561]	2	-0.009999809588870931	-0.2499952397217733	[[ 0.18636678  0.33147962  1.17907155  0.18582643  0.37286348  1.19645824]]
73	1	True	1	[ 0.01329345]	[ 0.00012229]	7.049120759427073	[ 0.01952901]	[ 0.72541644]	1	0.009999188775096675	0.19992877996367042	[[ 0.13227265  0.02185675  0.4775481   0.1545622   0.00436307  0.45340157]]
74	1	True	2	[ 0.01415145]	[ 0.00023648]	5.71148437543979	[ 0.02008783]	[ 0.57682416]	2	-0.009999622335227257	-0.24999055838068143	[[ 0.92158037  0.21368127  0.62563928  0.92247889  0.17323331  0.64520491]]
75	1	True	2	[ 0.01389876]	[ 0.00023126]	5.552596137401408	[ 0.03219843]	[ 1.03108333]	2	-0.009999863471624222	-0.24999658679060555	[[ 0.15997541  0.29030386  0.72933853  0.16241245  0.24687874  0.75268169]]
76	1	True	1	[ 0.01319032]	[ 0.00011972]	6.999040613153685	[ 0.04377635]	[ 0.76233501]	1	-0.009999896063909825	-0.19994292184984494	[[ 1.11612363  0.07128127  0.72314048  1.10637517  0.1022526   0.69688899]]
77	1	True	2	[ 0.0136331]	[ 0.00022572]	5.42917146095817	[ 0.03942866]	[ 0.56650827]	2	-0.009999824832933497	-0.24999562082333743	[[ 0.16323146  0.29395983  1.02953071  0.15815135  0.33468244  1.04816809]]
78	1	True	2	[ 0.01408397]	[ 0.0002369]	5.528945768207273	[ 0.03295399]	[ 0.92560981]	2	-0.009999881119641221	-0.24999702799103052	[[ 0.92885873  1.24573061  1.41343166  0.90564088  1.27969254  1.44001041]]
79	1	True	2	[ 0.01445282]	[ 0.00024562]	5.580751859381321	[ 0.03350543]	[ 0.74418732]	2	-0.009999879987489248	-0.24999699968723121	[[ 0.80925969  1.11069586  1.74447168  0.80348885  1.14840596  1.76933715]]
80	1	True	2	[ 0.01482289]	[ 0.00025127]	5.743559172629466	[ 0.02840514]	[ 0.49013328]	2	-0.009999842650806594	-0.24999606627016485	[[ 0.04387932  0.17550164  1.78945567  0.05142984  0.21927623  1.81434246]]
81	1	True	2	[ 0.0154224]	[ 0.00026222]	6.0742656771431935	[ 0.05272351]	[ 1.62390154]	2	0.009998851996519436	0.2499712999129859	[[ 1.02446507  0.19570795  1.72286538  1.03671121  0.14118005  1.75529701]]
82	1	True	2	[ 0.01411448]	[ 0.00023726]	5.568832507953892	[ 0.03961918]	[ 1.10339913]	2	-0.009999373012328535	-0.24998432530821338	[[ 0.82409641  0.77941672  1.26388785  0.80371131  0.81493289  1.28341829]]
83	1	True	1	[ 0.01249117]	[ 0.00012052]	6.629712120230133	[ 0.01950732]	[ 0.49426494]	1	-0.009999789467174126	-0.199940790501413	[[ 0.48357061  0.22234715  0.8812356   0.50865636  0.23263552  0.87420772]]
84	1	True	2	[ 0.01342162]	[ 0.00022088]	5.376660260213489	[ 0.02153682]	[ 0.54214765]	2	-0.009999974264006012	-0.2499993566001503	[[ 0.12290833  0.50823336  0.9111273   0.12239084  0.54706054  0.92903682]]
85	1	True	1	[ 0.01343611]	[ 0.00012497]	6.984218910234965	[ 0.03275429]	[ 0.71661863]	1	0.009999803865858919	0.1999410783959161	[[ 0.38614238  0.52945308  0.03915613  0.39865652  0.51286293  0.06193628]]
86	1	True	2	[ 0.01402479]	[ 0.00023401]	5.557493591548257	[ 0.03667199]	[ 1.2070141]	2	-0.009999777693285928	-0.2499944423321482	[[ 0.17381959  0.58537673  0.88980101  0.17078687  0.54277622  0.91547812]]
87	1	True	2	[ 0.01375485]	[ 0.00022892]	5.4337460373917175	[ 0.02068114]	[ 0.60026673]	2	-0.009999647120215867	-0.2499911780053967	[[ 0.7462571   1.10719553  1.66972536  0.73091602  1.16169681  1.69663534]]
88	1	True	1	[ 0.01350168]	[ 0.00011618]	6.932915454500604	[ 0.03339794]	[ 1.11746434]	1	-0.009999931042177224	-0.19994362122281245	[[ 0.15332251  1.2277593   0.78895446  0.11099618  1.19705277  0.76364964]]
89	1	True	1	[ 0.01343254]	[ 0.00011367]	6.844903088641466	[ 0.05316235]	[ 1.41870475]	1	0.009998794783951815	0.19992090230772452	[[ 0.0383527   1.41336434  0.45869096  0.05991301  1.3875208   0.43152088]]
90	1	True	2	[ 0.014252]	[ 0.00023876]	5.601114055937851	[ 0.05821088]	[ 1.183581]	2	-0.009999939440266954	-0.24999848600667385	[[ 0.29646222  0.08067215  1.43241008  0.29528911  0.12890947  1.45428805]]
91	1	True	2	[ 0.01477373]	[ 0.0002517]	5.726541650261796	[ 0.03052145]	[ 0.47914388]	2	0.009999127024196456	0.2499781756049114	[[ 0.88332848  0.675657    1.75054373  0.88315652  0.71825529  1.78171036]]
92	1	True	1	[ 0.01316231]	[ 0.00012224]	6.98002546013275	[ 0.04992191]	[ 0.85332587]	1	-0.009999663920469876	-0.1999382802578349	[[ 1.44427493  0.26643389  0.28319988  1.40761865  0.27968124  0.25509311]]
93	1	True	2	[ 0.01389981]	[ 0.00023164]	5.618649882391904	[ 0.01829546]	[ 0.44471206]	2	-0.009999999708359133	-0.24999999270897832	[[ 1.06864744  0.13660639  0.63915026  1.0694675   0.17548717  0.65682447]]
94	1	True	1	[ 0.01218452]	[ 0.0001161]	6.504066370123335	[ 0.04122687]	[ 0.91941412]	1	0.009999869135844091	0.19994238343663462	[[ 0.40542677  0.47719312  0.78326025  0.41177161  0.49986131  0.77364081]]
95	1	True	2	[ 0.01366293]	[ 0.00022694]	5.424933969799654	[ 0.01245775]	[ 0.33871724]	2	-0.009999697146160478	-0.24999242865401194	[[ 0.09913147  0.65211458  1.13676526  0.09084772  0.6903782   1.15326341]]
96	1	True	2	[ 0.01408975]	[ 0.0002352]	5.552187896405707	[ 0.03904073]	[ 0.87297189]	2	0.0099997089915787	0.24999272478946752	[[ 0.76814723  0.1108359   1.55827546  0.74948265  0.15952336  1.57928436]]
97	1	True	1	[ 0.0129929]	[ 0.00012121]	6.902852486752836	[ 0.03847102]	[ 0.95459923]	1	-0.009999734286265808	-0.19993968718674165	[[ 0.32176622  0.08318278  0.7192084   0.34308832  0.09513026  0.70031543]]
98	1	True	2	[ 0.01438439]	[ 0.00024168]	5.701195128279144	[ 0.02158936]	[ 0.68506182]	2	-0.009996570466325445	-0.24991426165813613	[[ 0.54601528  0.09817972  1.1230216   0.53064117  0.14385769  1.14594366]]
99	1	True	2	[ 0.01444977]	[ 0.00024255]	5.6607820138639795	[ 0.04175016]	[ 1.1400017]	2	-0.009999592924782683	-0.24998982311956708	[[ 0.42780587  0.06091645  1.54148403  0.42908297  0.01270889  1.5646851 ]]
