6.2953368,-5,-1.2953368,0,0,0,0,0,0,0,0,0,0,0,0,0,0,0,0,0,0,0,0,0,0,0,0,0,0,0
-5,9.6892911,0,-1.8461538,-1.1764706,-1.6666667,0,0,0,0,0,0,0,0,0,0,0,0,0,0,0,0,0,0,0,0,0,0,0,0
-1.2953368,0,7.1776897,-5.8823529,0,0,0,0,0,0,0,0,0,0,0,0,0,0,0,0,0,0,0,0,0,0,0,0,0,0
0,-1.8461538,-5.8823529,13.61086,0,-5.8823529,0,0,0,0,0,0,0,0,0,0,0,0,0,0,0,0,0,0,0,0,0,0,0,0
0,-1.1764706,0,0,4.1350505,0,-2.9585799,0,0,0,0,0,0,0,0,0,0,0,0,0,0,0,0,0,0,0,0,0,0,0
0,-1.6666667,0,-5.8823529,0,22.540962,-4.109589,-5.8823529,0,0,0,0,0,0,0,0,0,0,0,0,0,0,0,0,0,0,0,-5,0,0
0,0,0,0,-2.9585799,-4.109589,7.0681689,0,0,0,0,0,0,0,0,0,0,0,0,0,0,0,0,0,0,0,0,0,0,0
0,0,0,0,0,-5.8823529,0,7.2584997,0,0,0,0,0,0,0,0,0,0,0,0,0,0,0,0,0,0,0,-1.3761468,0,0
0,0,0,0,0,0,0,0,0,0,0,0,0,0,0,0,0,0,0,0,0,0,0,0,0,0,0,0,0,0
0,0,0,0,0,0,0,0,0,13.560885,0,0,0,0,0,0,-4.109589,0,0,-1.7241379,-5.1724138,-2.5547445,0,0,0,0,0,0,0,0
0,0,0,0,0,0,0,0,0,0,0,0,0,0,0,0,0,0,0,0,0,0,0,0,0,0,0,0,0,0
0,0,0,0,0,0,0,0,0,0,0,6.5455257,0,-1.4634146,-3.2110092,-1.8711019,0,0,0,0,0,0,0,0,0,0,0,0,0,0
0,0,0,0,0,0,0,0,0,0,0,0,0,0,0,0,0,0,0,0,0,0,0,0,0,0,0,0,0,0
0,0,0,0,0,0,0,0,0,0,0,-1.4634146,0,3.9521024,-2.4886878,0,0,0,0,0,0,0,0,0,0,0,0,0,0,0
0,0,0,0,0,0,0,0,0,0,0,-3.2110092,0,-2.4886878,9.5178788,0,0,-1.8181818,0,0,0,0,-2,0,0,0,0,0,0,0
0,0,0,0,0,0,0,0,0,0,0,-1.8711019,0,0,0,3.7534548,-1.8823529,0,0,0,0,0,0,0,0,0,0,0,0,0
0,0,0,0,0,0,0,0,0,-4.109589,0,0,0,0,0,-1.8823529,5.991942,0,0,0,0,0,0,0,0,0,0,0,0,0
0,0,0,0,0,0,0,0,0,0,0,0,0,0,-1.8181818,0,0,4.7450111,-2.9268293,0,0,0,0,0,0,0,0,0,0,0
0,0,0,0,0,0,0,0,0,0,0,0,0,0,0,0,0,-2.9268293,8.0992431,-5.1724138,0,0,0,0,0,0,0,0,0,0
0,0,0,0,0,0,0,0,0,-1.7241379,0,0,0,0,0,0,0,0,-5.1724138,6.8965517,0,0,0,0,0,0,0,0,0,0
0,0,0,0,0,0,0,0,0,-5.1724138,0,0,0,0,0,0,0,0,0,0,25.172414,-20,0,0,0,0,0,0,0,0
0,0,0,0,0,0,0,0,0,-2.5547445,0,0,0,0,0,0,0,0,0,0,-20,25.118847,0,-2.5641026,0,0,0,0,0,0
0,0,0,0,0,0,0,0,0,0,0,0,0,0,-2,0,0,0,0,0,0,0,3.4476615,-1.4476615,0,0,0,0,0,0
0,0,0,0,0,0,0,0,0,0,0,0,0,0,0,0,0,0,0,0,0,-2.5641026,-1.4476615,5.3221089,-1.3103448,0,0,0,0,0
0,0,0,0,0,0,0,0,0,0,0,0,0,0,0,0,0,0,0,0,0,0,0,-1.3103448,4.4759534,-1.2083132,-1.9572954,0,0,0
0,0,0,0,0,0,0,0,0,0,0,0,0,0,0,0,0,0,0,0,0,0,0,0,-1.2083132,1.2083132,0,0,0,0
0,0,0,0,0,0,0,0,0,0,0,0,0,0,0,0,0,0,0,0,0,0,0,0,-1.9572954,0,3.6279846,0,-0.97864769,-0.69204152
0,0,0,0,0,-5,0,-1.3761468,0,0,0,0,0,0,0,0,0,0,0,0,0,0,0,0,0,0,0,6.3761468,0,0
0,0,0,0,0,0,0,0,0,0,0,0,0,0,0,0,0,0,0,0,0,0,0,0,0,0,-0.97864769,0,1.9013697,-0.92272203
0,0,0,0,0,0,0,0,0,0,0,0,0,0,0,0,0,0,0,0,0,0,0,0,0,0,-0.69204152,0,-0.92272203,1.6147636
