-19.897,15,4.9223,0,0,0,0,0,0,0,0,0,0,0,0,0,0,0,0,0,0,0,0,0,0,0,0,0,0,0
15,-29.892,0,5.2308,4.7059,5,0,0,0,0,0,0,0,0,0,0,0,0,0,0,0,0,0,0,0,0,0,0,0,0
4.9223,0,-28.442,23.529,0,0,0,0,0,0,0,0,0,0,0,0,0,0,0,0,0,0,0,0,0,0,0,0,0,0
0,5.2308,23.529,-56.126,0,23.529,0,0,0,0,0,3.8462,0,0,0,0,0,0,0,0,0,0,0,0,0,0,0,0,0,0
0,4.7059,0,0,-11.791,0,7.1006,0,0,0,0,0,0,0,0,0,0,0,0,0,0,0,0,0,0,0,0,0,0,0
0,5,0,23.529,0,-84.545,10.959,23.529,4.7619,1.7857,0,0,0,0,0,0,0,0,0,0,0,0,0,0,0,0,0,15,0,0
0,0,0,0,7.1006,10.959,-18.049,0,0,0,0,0,0,0,0,0,0,0,0,0,0,0,0,0,0,0,0,0,0,0
0,0,0,0,0,23.529,0,-28.107,0,0,0,0,0,0,0,0,0,0,0,0,0,0,0,0,0,0,0,4.5872,0,0
0,0,0,0,0,4.7619,0,0,-18.615,9.0909,4.7619,0,0,0,0,0,0,0,0,0,0,0,0,0,0,0,0,0,0,0
0,0,0,0,0,1.7857,0,0,9.0909,-43.402,0,0,0,0,0,0,10.959,0,0,4.023,12.069,5.4745,0,0,0,0,0,0,0,0
0,0,0,0,0,0,0,0,4.7619,0,-4.7619,0,0,0,0,0,0,0,0,0,0,0,0,0,0,0,0,0,0,0
0,0,0,3.8462,0,0,0,0,0,0,0,-24.281,7.1429,3.1707,5.9633,4.158,0,0,0,0,0,0,0,0,0,0,0,0,0,0
0,0,0,0,0,0,0,0,0,0,0,7.1429,-7.1429,0,0,0,0,0,0,0,0,0,0,0,0,0,0,0,0,0
0,0,0,0,0,0,0,0,0,0,0,3.1707,0,-5.4332,2.2624,0,0,0,0,0,0,0,0,0,0,0,0,0,0,0
0,0,0,0,0,0,0,0,0,0,0,5.9633,0,2.2624,-15.862,0,0,3.6364,0,0,0,0,4,0,0,0,0,0,0,0
0,0,0,0,0,0,0,0,0,0,0,4.158,0,0,0,-8.6286,4.4706,0,0,0,0,0,0,0,0,0,0,0,0,0
0,0,0,0,0,0,0,0,0,10.959,0,0,0,0,0,4.4706,-15.429,0,0,0,0,0,0,0,0,0,0,0,0,0
0,0,0,0,0,0,0,0,0,0,0,0,0,0,3.6364,0,0,-9.9778,6.3415,0,0,0,0,0,0,0,0,0,0,0
0,0,0,0,0,0,0,0,0,0,0,0,0,0,0,0,0,6.3415,-18.41,12.069,0,0,0,0,0,0,0,0,0,0
0,0,0,0,0,0,0,0,0,4.023,0,0,0,0,0,0,0,0,12.069,-16.092,0,0,0,0,0,0,0,0,0,0
0,0,0,0,0,0,0,0,0,12.069,0,0,0,0,0,0,0,0,0,0,-52.069,40,0,0,0,0,0,0,0,0
0,0,0,0,0,0,0,0,0,5.4745,0,0,0,0,0,0,0,0,0,0,40,-49.321,0,3.8462,0,0,0,0,0,0
0,0,0,0,0,0,0,0,0,0,0,0,0,0,4,0,0,0,0,0,0,0,-7.0067,3.0067,0,0,0,0,0,0
0,0,0,0,0,0,0,0,0,0,0,0,0,0,0,0,0,0,0,0,0,3.8462,3.0067,-9.1287,2.2759,0,0,0,0,0
0,0,0,0,0,0,0,0,0,0,0,0,0,0,0,0,0,0,0,0,0,0,0,2.2759,-7.8492,1.8366,3.7367,0,0,0
0,0,0,0,0,0,0,0,0,0,0,0,0,0,0,0,0,0,0,0,0,0,0,0,1.8366,-1.8366,0,0,0,0
0,0,0,0,0,0,0,0,0,0,0,0,0,0,0,0,0,0,0,0,0,0,0,0,3.7367,0,-9.4026,2.5,1.8683,1.2976
0,0,0,0,0,15,0,4.5872,0,0,0,0,0,0,0,0,0,0,0,0,0,0,0,0,0,0,2.5,-22.072,0,0
0,0,0,0,0,0,0,0,0,0,0,0,0,0,0,0,0,0,0,0,0,0,0,0,0,0,1.8683,0,-3.5984,1.7301
0,0,0,0,0,0,0,0,0,0,0,0,0,0,0,0,0,0,0,0,0,0,0,0,0,0,1.2976,0,1.7301,-3.0277
