6.025,-4.9991,0,0,-1.0259,0,0,0,0,0,0,0,0,0
-4.9991,9.5213,-1.135,-1.686,-1.7011,0,0,0,0,0,0,0,0,0
0,-1.135,3.121,-1.986,0,0,0,0,0,0,0,0,0,0
0,-1.686,-1.986,10.513,-6.841,0,0,0,0,0,0,0,0,0
-1.0259,-1.7011,0,-6.841,9.568,0,0,0,0,0,0,0,0,0
0,0,0,0,0,6.5799,0,0,0,0,-1.955,-1.526,-3.0989,0
0,0,0,0,0,0,0,0,0,0,0,0,0,0
0,0,0,0,0,0,0,0,0,0,0,0,0,0
0,0,0,0,0,0,0,0,5.3261,-3.902,0,0,0,-1.424
0,0,0,0,0,0,0,0,-3.902,5.7829,-1.8809,0,0,0
0,0,0,0,0,-1.955,0,0,0,-1.8809,3.8359,0,0,0
0,0,0,0,0,-1.526,0,0,0,0,0,4.015,-2.489,0
0,0,0,0,0,-3.0989,0,0,0,0,0,-2.489,6.7249,-1.137
0,0,0,0,0,0,0,0,-1.424,0,0,0,-1.137,2.561
